
strategic_region={
	id=21
	name="STRATEGICREGION_21"
	provinces={
		83 109 122 210 230 396 443 576 605 671 784 961 1036 1056 1280 1338 1341 1424 1454 1505 1581 1615 1808 1842 1859 1898 1942 1948 1951 2204 2339 2345 2361 2370 2372 2392 2397 2410 2434 2506 2562 2761 2837 3078 3102 3118 3187 3216 3264 3307 3441 3556 3585 3609 3632 3643 3677 3837 3869 3877 4072 4179 4199 4292 4306 4373 4376 4442 4443 4677 4686 4844 4876 4878 4893 5017 5149 5237 5281 5492 5622 5709 5723 5822 5951 6067 6138 6149 6299 6389 6399 6451 6737 6760 6771 6797 6837 6877 10247 10261 10478 10507 10552 10553 10576 10577 10582 10607 10613 10624 10637 10638 10653 10654 10655 10661 10662 10673 10674 10675 10691 10692 10711 10731 10732 10741 10742 10757 10758 10759 10762 10775 10783 10786 10803 10811 10827 10851 10877 10894 10902 10911 10912 10929 10951 10958 10965 10973 10979 10980 10990 10991 10992 11008 11018 11019 11033 11082 11096 11120 11124 11133 11147 11148 11149 11168 11169 11251 11257 11299 11312 11362 11433 11507 11510 11533 11540 11545 11617 
51 125 144 252 290 367 527 694 821 828 867 869 899 949 967 1032 1073 1074 1225 1278 1296 1514 1577 1578 1596 1616 1670 1706 1724 1728 1730 1750 1824 1828 1844 2090 2109 2123 2286 2306 2308 2322 2334 2362 2368 2396 2421 2450 2469 2545 2596 2603 2631 2701 2719 2721 2729 2805 2880 2889 2894 2909 2936 3015 3021 3045 3060 3061 3073 3201 3369 3372 3470 3537 3630 3640 3711 3761 3805 3960 3968 4017 4090 4095 4132 4193 4237 4347 4360 4409 4476 4513 4568 4670 4743 4750 4761 4816 4848 4992 5020 5028 5107 5126 5171 5515 5536 5607 5644 5678 5716 5745 5925 5946 6024 6032 6114 6218 6223 6284 6337 6341 6343 6431 6442 6474 6478 6569 6612 6691 6699 6720 6812 6880 6911 6919 10292 10367 10403 10450 10506 10515 10516 10544 10581 10593 10652 10708 10709 10710 10740 10774 10801 10802 10815 10826 10838 10844 10859 10871 10876 10901 10950 10964 10972 11012 11063 11064 11114 11123 11136 11137 11176 11199 11200 11240 11256 11277 11293 11294 11313 11332 11340 11373 11396 11401 11413 11419 11425 11432 11457 11477 11486 11487 11495 11506 11520 11525 11532 11547 11570 11616 11643 11670 11675 11690 11713 11735 11742 11781 11782 11787 11796 11815 11831 11837 11846 11874 11880 11881 11882 11883 11888 11905 11931 11932 11940 11944 11951 11964 11967 11974 11992 11996 12029 12030 12042 12052 12060 12090 12091 12101 12120 12143 12153 12159 12160 12169 12177 12205 12211 
29 47 130 150 245 265 320 328 400 430 473 487 524 636 748 830 850 876 890 893 929 984 985 1121 1133 1142 1153 1172 1237 1245 1337 1345 1387 1441 1469 1476 1553 1563 1635 1637 1695 1712 1783 1807 1820 1868 1903 1909 1946 2022 2025 2124 2146 2185 2239 2254 2282 2316 2318 2376 2413 2424 2493 2503 2558 2599 2621 2806 2838 2873 2905 2910 2963 2964 2972 3065 3177 3186 3211 3242 3263 3271 3321 3383 3392 3409 3431 3502 3504 3540 3644 3698 3747 3876 4029 4077 4094 4127 4348 4367 4514 4530 4539 4552 4630 4647 4703 4720 4723 4745 4833 4859 4906 4922 4944 5022 5036 5147 5280 5373 5464 5528 5599 5661 5695 5722 5765 5783 5824 5826 5867 5884 5961 5971 6066 6115 6200 6295 6504 6519 6728 6852 6910 9910 9940 9999 10000 10172 10203 10206 10207 10228 10276 10294 10325 10330 10331 10349 10377 10394 10413 10427 10436 10441 10473 10491 10540 10554 10558 10608 10630 10641 10684 10701 10723 10727 10733 10784 10787 10788 10852 10853 10860 10872 10878 10879 10959 11013 11020 11026 11068 11070 11107 11129 11150 11151 11177 11219 11225 11226 11231 11241 11278 11295 11314 11341 11377 11378 11390 11398 11407 11434 11435 11450 11467 11468 11474 11496 11511 11554 11571 11593 11601 11608 11618 11629 11644 11659 11671 11692 11702 11720 11744 11766 11789 11803 
2919 9925 6129 
	}
	weather={
		period={
			between={ 0.0 30.0 }
			temperature={ -42.0 -20.0 }
			no_phenomenon=0.600
			rain_light=0.000
			rain_heavy=0.000
			snow=0.250
			blizzard=0.150
			arctic_water=0.000
			mud=0.500
			sandstorm=0.000
			min_snow_level=0.000
		}
		period={
			between={ 0.1 27.1 }
			temperature={ -38.0 -16.0 }
			no_phenomenon=0.650
			rain_light=0.000
			rain_heavy=0.000
			snow=0.250
			blizzard=0.100
			arctic_water=0.000
			mud=0.500
			sandstorm=0.000
			min_snow_level=0.000
		}
		period={
			between={ 0.2 30.2 }
			temperature={ -26.0 -4.0 }
			no_phenomenon=0.650
			rain_light=0.050
			rain_heavy=0.000
			snow=0.250
			blizzard=0.050
			arctic_water=0.000
			mud=0.500
			sandstorm=0.000
			min_snow_level=0.000
		}
		period={
			between={ 0.3 29.3 }
			temperature={ -12.0 5.0 }
			no_phenomenon=0.600
			rain_light=0.100
			rain_heavy=0.100
			snow=0.150
			blizzard=0.050
			arctic_water=0.000
			mud=0.500
			sandstorm=0.000
			min_snow_level=0.000
		}
		period={
			between={ 0.4 30.4 }
			temperature={ -2.0 13.0 }
			no_phenomenon=0.550
			rain_light=0.200
			rain_heavy=0.250
			snow=0.000
			blizzard=0.000
			arctic_water=0.000
			mud=0.500
			sandstorm=0.000
			min_snow_level=0.000
		}
		period={
			between={ 0.5 29.5 }
			temperature={ 5.0 19.0 }
			no_phenomenon=0.550
			rain_light=0.200
			rain_heavy=0.250
			snow=0.000
			blizzard=0.000
			arctic_water=0.000
			mud=0.500
			sandstorm=0.000
			min_snow_level=0.000
		}
		period={
			between={ 0.6 30.6 }
			temperature={ 8.0 24.0 }
			no_phenomenon=0.550
			rain_light=0.200
			rain_heavy=0.250
			snow=0.000
			blizzard=0.000
			arctic_water=0.000
			mud=0.500
			sandstorm=0.000
			min_snow_level=0.000
		}
		period={
			between={ 0.7 30.7 }
			temperature={ 7.0 22.0 }
			no_phenomenon=0.550
			rain_light=0.200
			rain_heavy=0.250
			snow=0.000
			blizzard=0.000
			arctic_water=0.000
			mud=0.500
			sandstorm=0.000
			min_snow_level=0.000
		}
		period={
			between={ 0.8 29.8 }
			temperature={ 1.0 16.0 }
			no_phenomenon=0.550
			rain_light=0.200
			rain_heavy=0.250
			snow=0.000
			blizzard=0.000
			arctic_water=0.000
			mud=0.500
			sandstorm=0.000
			min_snow_level=0.000
		}
		period={
			between={ 0.9 30.9 }
			temperature={ -10.0 6.0 }
			no_phenomenon=0.600
			rain_light=0.200
			rain_heavy=0.050
			snow=0.150
			blizzard=0.000
			arctic_water=0.000
			mud=0.500
			sandstorm=0.000
			min_snow_level=0.000
		}
		period={
			between={ 0.10 29.10 }
			temperature={ -27.0 -8.0 }
			no_phenomenon=0.600
			rain_light=0.050
			rain_heavy=0.000
			snow=0.250
			blizzard=0.100
			arctic_water=0.000
			mud=0.500
			sandstorm=0.000
			min_snow_level=0.000
		}
		period={
			between={ 0.11 30.11 }
			temperature={ -38.0 -17.0 }
			no_phenomenon=0.600
			rain_light=0.000
			rain_heavy=0.000
			snow=0.300
			blizzard=0.100
			arctic_water=0.000
			mud=0.500
			sandstorm=0.000
			min_snow_level=0.000
		}
	}
}