
strategic_region={
	id=24
	name="STRATEGICREGION_24"
	provinces={
		3 8 9 61 81 111 145 151 170 184 201 214 239 299 348 393 427 455 458 479 492 502 511 567 570 575 606 670 693 698 710 756 787 891 928 951 958 986 1064 1072 1108 1155 1248 1308 1373 1390 1455 1478 1486 1494 1539 1601 1626 1627 1643 1665 1705 1713 1720 1803 1817 1818 1851 1896 1897 1926 1939 1950 1965 2009 2020 2050 2059 2093 2103 2138 2139 2167 2231 2235 2303 2310 2327 2335 2357 2405 2411 2488 2524 2528 2535 2577 2583 2620 2634 2644 2666 2671 2674 2710 2749 2798 2851 2854 2867 2881 2916 2935 2982 3004 3009 3024 3025 3029 3041 3048 3049 3076 3085 3107 3182 3244 3248 3250 3285 3328 3353 3366 3389 3430 3448 3450 3452 3454 3465 3478 3503 3505 3569 3570 3612 3616 3639 3645 3696 3744 3751 3789 3792 3840 3851 3865 3882 3931 3938 3965 3970 3971 3983 3985 3990 4014 4034 4043 4073 4100 4106 4109 4149 4170 4177 4234 4251 4255 4260 4269 4277 4307 4394 4420 4434 4449 4482 4487 4528 4614 4615 4616 4632 4696 4707 4744 4811 4846 4882 4888 4916 4923 4927 4928 5007 5015 5045 5049 5073 5078 5139 5197 5223 5251 5320 5329 5341 5419 5432 5447 5476 5481 5487 5512 5532 5570 5605 5614 5626 5675 5684 5694 5705 5715 5718 5727 5737 5759 5776 5787 5811 5902 5928 5948 5975 6021 6049 6064 6075 6120 6127 6147 6148 6179 6246 6278 6283 6322 6388 6528 6535 6537 6538 6563 6613 6674 6712 6726 6759 6767 6796 6810 6835 6856 6859 6862 6925 9104 9164 9219 9220 9253 9311 9384 9411 9509 9561 9594 9609 9632 9663 9673 9735 9755 9772 9781 9782 9796 9815 9837 9854 9864 9885 9920 9931 9939 9945 9946 9994 9995 9996 10006 10015 10025 10026 10044 10068 10069 10070 10095 10119 10131 10135 10136 10147 10170 10197 10202 10215 10224 10225 10226 10227 10235 10251 10274 10290 10291 10297 10316 10328 10338 10344 10345 10356 10366 10374 10391 10402 10412 10432 10433 10449 10462 10470 10483 10488 10489 10497 10514 10521 10522 10528 10529 10537 10543 10551 10557 10568 10569 10574 10575 10580 10592 10598 10622 10623 10629 10635 10636 10649 10650 10651 10670 10671 10672 10681 10682 10689 10690 10696 10700 10712 10720 10726 10730 10737 10738 10739 10749 10750 10756 10772 10773 10781 10782 10794 10807 10824 10825 10837 10850 10858 10870 10883 10886 10892 10899 10910 10915 10920 10926 10927 10928 10936 10948 10949 10970 10986 10987 10988 11000 11007 11032 11057 11058 11059 11075 11094 11104 11105 11119 11135 11142 11143 11144 11145 11146 11160 11167 11175 11197 11210 11211 11216 11217 11218 11229 11236 11239 11249 11259 11269 11270 11286 11287 11288 11297 11311 11315 11320 11324 11331 11339 11353 11354 11355 11360 11382 11383 11405 11406 11411 11412 11417 11418 11440 11456 11463 11464 11491 11492 11493 11504 11505 11509 11515 11524 11529 11530 11531 11538 11560 11561 11562 11568 11569 11576 11581 11582 11589 11604 11605 11606 11623 11624 11657 11663 11701 11706 11716 11733 11734 11748 11764 11777 11786 11794 11814 11827 11853 11868 11949 11966 
	}
	weather={
		period={
			between={ 0.0 30.0 }
			temperature={ -55.0 -31.0 }
			no_phenomenon=0.400
			rain_light=0.000
			rain_heavy=0.000
			snow=0.350
			blizzard=0.300
			arctic_water=0.000
			mud=0.500
			sandstorm=0.000
			min_snow_level=0.300
		}
		period={
			between={ 0.1 27.1 }
			temperature={ -49.0 -25.0 }
			no_phenomenon=0.400
			rain_light=0.000
			rain_heavy=0.000
			snow=0.350
			blizzard=0.300
			arctic_water=0.000
			mud=0.500
			sandstorm=0.000
			min_snow_level=0.200
		}
		period={
			between={ 0.2 30.2 }
			temperature={ -34.0 -12.0 }
			no_phenomenon=0.600
			rain_light=0.000
			rain_heavy=0.000
			snow=0.400
			blizzard=0.100
			arctic_water=0.000
			mud=0.500
			sandstorm=0.000
			min_snow_level=0.200
		}
		period={
			between={ 0.3 29.3 }
			temperature={ -18.0 1.0 }
			no_phenomenon=0.600
			rain_light=0.000
			rain_heavy=0.000
			snow=0.300
			blizzard=0.050
			arctic_water=0.000
			mud=0.500
			sandstorm=0.000
			min_snow_level=0.050
		}
		period={
			between={ 0.4 30.4 }
			temperature={ -3.0 13.0 }
			no_phenomenon=0.600
			rain_light=0.200
			rain_heavy=0.100
			snow=0.200
			blizzard=0.000
			arctic_water=0.000
			mud=0.500
			sandstorm=0.000
			min_snow_level=0.000
		}
		period={
			between={ 0.5 29.5 }
			temperature={ 6.0 23.0 }
			no_phenomenon=0.600
			rain_light=0.300
			rain_heavy=0.100
			snow=0.050
			blizzard=0.000
			arctic_water=0.000
			mud=0.500
			sandstorm=0.000
			min_snow_level=0.000
		}
		period={
			between={ 0.6 30.6 }
			temperature={ 10.0 26.0 }
			no_phenomenon=0.700
			rain_light=0.400
			rain_heavy=0.200
			snow=0.000
			blizzard=0.000
			arctic_water=0.000
			mud=0.500
			sandstorm=0.000
			min_snow_level=0.000
		}
		period={
			between={ 0.7 30.7 }
			temperature={ 7.0 22.0 }
			no_phenomenon=0.700
			rain_light=0.400
			rain_heavy=0.200
			snow=0.000
			blizzard=0.000
			arctic_water=0.000
			mud=0.500
			sandstorm=0.000
			min_snow_level=0.000
		}
		period={
			between={ 0.8 29.8 }
			temperature={ -3.0 14.0 }
			no_phenomenon=0.400
			rain_light=0.000
			rain_heavy=0.000
			snow=0.200
			blizzard=0.050
			arctic_water=0.000
			mud=0.500
			sandstorm=0.000
			min_snow_level=0.000
		}
		period={
			between={ 0.9 30.9 }
			temperature={ -19.0 2.0 }
			no_phenomenon=0.400
			rain_light=0.000
			rain_heavy=0.000
			snow=0.200
			blizzard=0.100
			arctic_water=0.000
			mud=0.500
			sandstorm=0.000
			min_snow_level=0.000
		}
		period={
			between={ 0.10 29.10 }
			temperature={ -44.0 -19.0 }
			no_phenomenon=0.500
			rain_light=0.000
			rain_heavy=0.000
			snow=0.300
			blizzard=0.200
			arctic_water=0.000
			mud=0.500
			sandstorm=0.000
			min_snow_level=0.050
		}
		period={
			between={ 0.11 30.11 }
			temperature={ -51.0 -29.0 }
			no_phenomenon=0.400
			rain_light=0.000
			rain_heavy=0.000
			snow=0.300
			blizzard=0.350
			arctic_water=0.000
			mud=0.500
			sandstorm=0.000
			min_snow_level=0.100
		}
	}
}
