strategic_region={
	id=30
	name="STRATEGICREGION_30"
	provinces={
		50 110 253 335 346 390 428 500 501 669 687 718 774 785 805 926 941 995 1055 1125 1136 1281 1452 1477 1603 1641 1779 1843 1882 1891 1907 1932 1955 2004 2092 2246 2248 2360 2438 2557 2569 2655 2661 2742 2746 2754 2756 2767 2776 2786 2816 2818 2834 2995 3008 3011 3135 3136 3157 3164 3259 3260 3311 3314 3371 3393 3396 3509 3684 3731 3780 3806 3849 3854 3896 3910 3942 4045 4093 4128 4175 4263 4341 4342 4387 4396 4414 4431 4448 4469 4716 4911 4929 4945 4967 5001 5136 5203 5234 5298 5351 5406 5413 5425 5451 5465 5571 5590 5608 5659 5710 5754 5769 5828 5871 5977 6014 6028 6099 6155 6163 6205 6228 6232 6233 6302 6326 6345 6350 6435 6464 6603 6664 6702 6768 6776 6798 6819 6828 6844 6884 6913 9390 9423 9450 9497 9498 9500 9518 9525 9526 9527 9535 9536 9554 9555 9560 9570 9579 9592 9593 9599 9600 9601 9608 9625 9629 9630 9631 9644 9645 9652 9653 9672 9677 9688 9694 9700 9701 9706 9714 9719 9727 9745 9746 9747 9754 9761 9767 9780 9794 9795 9813 9814 9821 9828 9829 9842 9843 9844 9845 9846 9853 9861 9862 9863 9872 9881 9892 9893 9900 9901 9912 9913 9919 9922 9923 9944 9965 9966 9973 9974 9975 9983 9988 9989 9990 10005 10012 10013 10024 10039 10040 10041 10042 10043 10053 10054 10055 10062 10067 10085 10086 10101 10102 10115 10116 10117 10128 10129 10130 10140 10146 10158 10159 10160 10168 10169 10181 10191 10192 10193 10195 10196 10201 10213 10214 10222 10223 10234 10244 10245 10246 10250 10258 10263 10267 10271 10272 10273 10289 10309 10315 10327 10337 10354 10355 10365 10383 10390 10401 10411 10431 10461 10469 10482 10505 10536 10549 10612 65 171 215 233 446 463 475 490 653 658 1001 1061 1139 1167 1214 1311 1356 1395 1481 1504 1561 1624 1683 1685 1734 1889 1902 1990 2044 2069 2237 2260 2278 2486 2554 2568 2619 2668 2858 2883 2899 3291 3350 3367 3398 3425 3529 3551 3692 3762 3778 3817 3919 4121 4156 4225 4285 4477 4518 4665 4679 4690 4725 4762 4854 4921 5011 5070 5077 5207 5212 5247 5275 5361 5434 5452 5498 5547 5554 5668 5744 5792 5800 5815 5866 5869 5968 5980 6091 6214 6251 6311 6353 6362 6516 6693 6775 6806 6843 6885 6903 6907 9589 9590 9643 9660 9661 9699 9713 9718 9725 9726 9760 9779 9793 9806 9807 9852 9859 9860 9871 9879 9880 9884 9899 9937 9938 9943 9954 9962 9963 9964 9972 10010 10011 10023 10038 10052 10064 10083 10084 10094 10100 10108 10113 10114 10127 10153 10157 10179 10180 10200 10204 10233 10243 10266 10270 10287 10288 10314 10319 10322 10323 10326 10336 10341 10342 10352 10363 10364 10371 10372 10382 10389 10398 10399 10400 10409 10421 10422 10423 10439 10440 10447 10448 10459 10460 10481 10487 10495 10504 10510 10511 10512 10527 10547 10548 10567 10589 10590 10604 10605 10619 10620 10628 10658 10659 10666 10679 10680 10688 10707 10718 10719 10746 10747 10755 10771 10778 10779 10813 10856 10865 10866 10923 10933 
57 72 173 333 407 467 486 499 520 523 528 560 571 593 611 663 678 695 803 1017 1044 1079 1091 1200 1309 1355 1405 1421 1564 1570 1586 1589 1708 1735 1770 1886 1913 1916 1936 2095 2238 2240 2265 2269 2341 2365 2475 2517 2567 2628 2664 2687 2698 2728 2737 2752 2842 2892 2908 2931 2954 2966 2971 2990 3012 3052 3059 3075 3088 3091 3109 3124 3159 3198 3225 3258 3348 3354 3357 3379 3462 3512 3549 3628 3636 3660 3666 3674 3675 3729 3742 3746 3836 3881 3906 3950 4143 4183 4206 4209 4233 4254 4278 4313 4412 4428 4467 4591 4752 4787 4806 4830 4837 4855 4890 5000 5008 5016 5023 5058 5080 5110 5189 5193 5253 5357 5421 5443 5489 5494 5559 5563 5634 5641 5674 5676 5689 5699 5840 5848 5878 5949 5984 5986 5995 6043 6073 6261 6273 6378 6396 6407 6413 6450 6469 6518 6525 6551 6561 6588 6605 6676 6724 6753 6781 6825 6922 8605 8616 8665 8671 8686 8687 8688 8720 8735 8789 8802 8803 8845 8866 8874 8886 8908 8918 8927 8936 8949 8950 8982 8983 8995 9015 9027 9031 9049 9050 9076 9077 9094 9095 9112 9137 9138 9146 9154 9159 9170 9184 9197 9202 9203 9206 9212 9213 9217 9227 9248 9249 9251 9267 9268 9269 9273 9275 9276 9280 9281 9292 9293 9302 9303 9308 9317 9318 9328 9334 9341 9342 9343 9344 9355 9356 9359 9360 9361 9369 9377 9396 9399 9400 9406 9407 9410 9417 9429 9437 9444 9447 9448 9455 9456 9457 9464 9471 9472 9477 9488 9489 9496 9507 9523 9524 9533 9553 9562 9567 9568 9569 9577 9578 9588 9591 9607 9617 9618 9623 9624 9628 9637 9638 9649 9650 9651 9659 9662 9670 9671 9676 9686 9687 9692 9693 9711 9712 9724 9742 9743 9744 9753 9776 9777 9778 9805 9820 9836 9891 9898 9918 9929 9930 9952 9961 9982 10009 10037 10061 10082 10092 10093 10106 10134 10139 10152 10176 10211 10212 10232 10317 10385 
36 194 460 573 702 1422 1723 1764 1777 2066 2191 2268 2295 2750 2760 2900 3053 3058 3063 3077 3199 3489 3572 3574 3772 3812 3900 3958 4018 4509 4907 5033 5168 5297 5315 5690 5823 6097 6153 6194 6359 6617 6626 6714 6744 6823 6849 6850 9812 9883 9953 10063 10099 10107 10112 10167 10177 10178 10256 10257 10280 10285 10286 10308 10318 10335 10350 10351 10381 10397 10407 10446 10453 10476 10480 10503 10509 10520 10534 10535 10564 10597 10611 10646 10657 10705 10715 10753 10777 10835 10854 10885 10908 10909 10975 
139 471 531 715 747 858 1350 1444 1869 1876 1888 2172 2174 2182 2234 2298 2359 2594 3206 3319 3334 3414 3479 3555 3596 3661 3686 3830 3859 3908 4195 4219 4370 4474 4793 4975 5062 5083 5188 5312 5327 5396 5407 5553 5677 5809 5883 5912 5966 6150 6241 6372 6448 6547 6577 6595 6598 6615 6719 6739 10408 10420 10565 10566 10603 10627 10634 10647 10648 10687 10706 10716 10717 10754 10785 10793 10798 10810 10817 10821 10822 10842 10848 10855 10881 10890 10891 10898 10919 10944 10946 10957 10962 10976 10997 11003 11004 11016 11024 11029 11037 11038 11039 11040 11055 11085 11092 11100 11111 11127 11159 11165 11178 11192 11193 11206 11262 11266 11282 11309 
4996 12709
	}
	weather={
		period={
			between={ 0.0 30.0 }
			temperature={ -27.0 -5.0 }
			no_phenomenon=0.350
			rain_light=0.050
			rain_heavy=0.000
			snow=0.500
			blizzard=0.100
			arctic_water=0.000
			mud=0.300
			sandstorm=0.000
			min_snow_level=0.000
		}
		period={
			between={ 0.1 27.1 }
			temperature={ -27.0 -4.0 }
			no_phenomenon=0.400
			rain_light=0.100
			rain_heavy=0.000
			snow=0.400
			blizzard=0.100
			arctic_water=0.000
			mud=0.300
			sandstorm=0.000
			min_snow_level=0.000
		}
		period={
			between={ 0.2 30.2 }
			temperature={ -18.0 3.0 }
			no_phenomenon=0.450
			rain_light=0.150
			rain_heavy=0.000
			snow=0.300
			blizzard=0.100
			arctic_water=0.000
			mud=0.300
			sandstorm=0.000
			min_snow_level=0.000
		}
		period={
			between={ 0.3 29.3 }
			temperature={ -10.0 9.0 }
			no_phenomenon=0.450
			rain_light=0.250
			rain_heavy=0.050
			snow=0.200
			blizzard=0.050
			arctic_water=0.000
			mud=0.300
			sandstorm=0.000
			min_snow_level=0.000
		}
		period={
			between={ 0.4 30.4 }
			temperature={ -2.0 15.0 }
			no_phenomenon=0.450
			rain_light=0.400
			rain_heavy=0.150
			snow=0.050
			blizzard=0.000
			arctic_water=0.000
			mud=0.300
			sandstorm=0.000
			min_snow_level=0.000
		}
		period={
			between={ 0.5 29.5 }
			temperature={ 5.0 20.0 }
			no_phenomenon=0.400
			rain_light=0.400
			rain_heavy=0.150
			snow=0.000
			blizzard=0.000
			arctic_water=0.000
			mud=0.300
			sandstorm=0.000
			min_snow_level=0.000
		}
		period={
			between={ 0.6 30.6 }
			temperature={ 8.0 23.0 }
			no_phenomenon=0.400
			rain_light=0.400
			rain_heavy=0.150
			snow=0.000
			blizzard=0.000
			arctic_water=0.000
			mud=0.300
			sandstorm=0.000
			min_snow_level=0.000
		}
		period={
			between={ 0.7 30.7 }
			temperature={ 6.0 22.0 }
			no_phenomenon=0.450
			rain_light=0.400
			rain_heavy=0.150
			snow=0.000
			blizzard=0.000
			arctic_water=0.000
			mud=0.300
			sandstorm=0.000
			min_snow_level=0.000
		}
		period={
			between={ 0.8 29.8 }
			temperature={ 2.0 18.0 }
			no_phenomenon=0.500
			rain_light=0.400
			rain_heavy=0.100
			snow=0.000
			blizzard=0.000
			arctic_water=0.000
			mud=0.300
			sandstorm=0.000
			min_snow_level=0.000
		}
		period={
			between={ 0.9 30.9 }
			temperature={ -5.0 14.0 }
			no_phenomenon=0.450
			rain_light=0.350
			rain_heavy=0.050
			snow=0.150
			blizzard=0.000
			arctic_water=0.000
			mud=0.300
			sandstorm=0.000
			min_snow_level=0.000
		}
		period={
			between={ 0.10 29.10 }
			temperature={ -14.0 5.0 }
			no_phenomenon=0.400
			rain_light=0.150
			rain_heavy=0.000
			snow=0.350
			blizzard=0.100
			arctic_water=0.000
			mud=0.300
			sandstorm=0.000
			min_snow_level=0.000
		}
		period={
			between={ 0.11 30.11 }
			temperature={ -23.0 -3.0 }
			no_phenomenon=0.350
			rain_light=0.050
			rain_heavy=0.000
			snow=0.500
			blizzard=0.100
			arctic_water=0.000
			mud=0.300
			sandstorm=0.000
			min_snow_level=0.000
		}
	}
}
