strategic_region={
	id=31
	name="STRATEGICREGION_31"
	provinces={
		89 278 285 562 610 619 915 1077 1137 1375 2130 2218 2232 2247 2546 2630 2703 2807 2948 3040 3210 3387 3559 3803 3824 3937 3948 4211 4389 4462 4602 4767 4803 4894 4959 5094 5301 5337 5364 6191 6237 6264 6748 6868 6887 11649 11656 11689 11700 11705 11712 11754 11771 11779 11806 11820 11821 11822 11823 11848 11858 11867 11871 11886 11887 11896 11909 11910 11922 11923 11930 11938 11943 11957 11971 11980 11994 12005 12006 12031 12032 12036 12063 12064 12099 12158 11 62 66 175 196 313 382 408 411 465 807 820 870 883 897 906 968 1054 1177 1284 1285 1316 1335 1366 1392 1414 1425 1482 1531 1591 1756 1810 1819 1833 1836 1953 2051 2073 2097 2105 2122 2142 2222 2270 2381 2560 2575 2753 2773 2826 2843 2844 2906 3020 3066 3143 3180 3217 3219 3394 3438 3477 3498 3518 3577 3625 3651 3753 3832 3915 4102 4122 4125 4141 4165 4185 4198 4208 4217 4229 4258 4284 4362 4480 4490 4500 4555 4596 4618 4758 4805 4919 4958 5087 5163 5190 5244 5292 5309 5313 5448 5461 5474 5495 5537 5561 5624 5631 5662 5713 5850 5989 5999 6161 6164 6189 6256 6349 6498 6778 6784 6817 6866 6881 6897 10221 10296 10343 10353 10373 10410 10424 10425 10454 10468 10477 10496 10513 10550 10573 10579 10591 10606 10621 10660 10694 10695 10729 10736 10748 10761 10765 10780 10799 10806 10814 10818 10823 10829 10849 10857 10867 10868 10869 10882 10914 10925 10947 10977 10978 10984 10985 10999 11006 11017 11025 11031 11047 11056 11067 11086 11101 11102 11103 11117 11118 11128 11140 11141 11166 11174 11179 11215 11228 11235 11238 11268 11310 11323 11336 11337 11338 11348 11372 11381 11393 11394 11395 11423 11424 11431 11443 11462 11473 11476 11481 11485 11527 11528 11537 11544 11558 11559 11575 11580 11588 11599 11603 11615 11622 11637 11638 11654 11655 11673 11676 11688 11704 11715 11726 11747 11763 11776 11785 11793 11805 11819 11826 11830 11857 11890 11929 
86 263 454 515 692 902 938 1030 1413 1520 1628 1998 2074 2128 2165 2250 2386 2436 2662 2665 2835 3125 3257 3292 3413 3419 3463 3468 3611 3901 3993 4123 4216 4230 4432 4453 4481 4586 4594 4621 4681 4687 4721 4729 4730 4738 4834 4838 4896 4903 4920 5302 5355 5398 5497 5526 5543 5645 5680 5741 5885 5916 5940 6086 6110 6117 6306 6321 6352 6379 6395 6482 6497 6600 6607 6647 6695 6738 6751 6821 6822 11209 11248 11254 11261 11292 11308 11319 11347 11359 11371 11375 11447 11461 11471 11472 11475 11489 11490 11523 11551 11552 11564 11565 11573 11574 11598 11614 11621 11628 11641 11642 11652 11653 11683 11686 11698 11699 11725 11731 11746 11752 11753 11758 11770 11784 11800 11802 11809 11811 11829 11844 11845 11847 11852 11856 11937 11942 11970 11979 11999 12004 12015 12035 12044 12058 12069 12074 12081 12104 12107 12111 12148 
133 188 241 518 630 911 934 1265 1324 1326 1400 2179 2378 2502 2736 2848 2903 3313 3476 3593 3907 3989 4012 4041 4608 4986 5055 5085 5985 6035 6122 6124 6170 6678 6857 10836 10875 10924 10934 10935 10998 11005 11011 11030 11046 11066 11069 11080 11093 11131 11172 11173 11234 11267 11283 11284 11285 11335 11386 11448 11449 11455 11503 11514 11557 11567 11636 11687 11703 11732 

	}
	weather={
		period={
			between={ 0.0 30.0 }
			temperature={ -45.0 -10.0 }
			temperature_day_night={ -2.0 2.0 }
			no_phenomenon=0.500
			rain_light=0.000
			rain_heavy=0.000
			snow=0.660
			blizzard=0.450
			arctic_water=0.000
			mud=1.000
			sandstorm=0.000
			min_snow_level=0.000
		}
		period={
			between={ 0.1 27.1 }
			temperature={ -40.0 -10.0 }
			temperature_day_night={ -2.0 2.0 }
			no_phenomenon=0.500
			rain_light=0.000
			rain_heavy=0.000
			snow=0.550
			blizzard=0.450
			arctic_water=0.000
			mud=1.000
			sandstorm=0.000
			min_snow_level=0.000
		}
		period={
			between={ 0.2 30.2 }
			temperature={ -11.0 -4.0 }
			temperature_day_night={ -2.0 2.0 }
			no_phenomenon=0.500
			rain_light=0.250
			rain_heavy=0.100
			snow=0.350
			blizzard=0.000
			arctic_water=0.000
			mud=1.000
			sandstorm=0.000
			min_snow_level=0.000
		}
		period={
			between={ 0.3 29.3 }
			temperature={ -2.0 6.0 }
			temperature_day_night={ -2.0 2.0 }
			no_phenomenon=0.500
			rain_light=0.400
			rain_heavy=0.200
			snow=0.000
			blizzard=0.000
			arctic_water=0.000
			mud=1.000
			sandstorm=0.000
			min_snow_level=0.000
		}
		period={
			between={ 0.4 30.4 }
			temperature={ 5.0 17.0 }
			temperature_day_night={ -2.0 2.0 }
			no_phenomenon=0.500
			rain_light=0.400
			rain_heavy=0.300
			snow=0.000
			blizzard=0.000
			arctic_water=0.000
			mud=1.000
			sandstorm=0.000
			min_snow_level=0.000
		}
		period={
			between={ 0.5 29.5 }
			temperature={ 12.0 23.0 }
			temperature_day_night={ -2.0 2.0 }
			no_phenomenon=0.500
			rain_light=0.600
			rain_heavy=0.550
			snow=0.000
			blizzard=0.000
			arctic_water=0.000
			mud=1.000
			sandstorm=0.000
			min_snow_level=0.000
		}
		period={
			between={ 0.6 30.6 }
			temperature={ 14.0 25.0 }
			temperature_day_night={ -2.0 2.0 }
			no_phenomenon=0.500
			rain_light=0.600
			rain_heavy=0.500
			snow=0.000
			blizzard=0.000
			arctic_water=0.000
			mud=1.000
			sandstorm=0.000
			min_snow_level=0.000
		}
		period={
			between={ 0.7 30.7 }
			temperature={ 10.0 22.0 }
			temperature_day_night={ -2.0 2.0 }
			no_phenomenon=0.500
			rain_light=0.450
			rain_heavy=0.300
			snow=0.000
			blizzard=0.000
			arctic_water=0.000
			mud=1.000
			sandstorm=0.000
			min_snow_level=0.000
		}
		period={
			between={ 0.8 29.8 }
			temperature={ 6.0 16.0 }
			temperature_day_night={ -2.0 2.0 }
			no_phenomenon=0.500
			rain_light=0.250
			rain_heavy=0.100
			snow=0.000
			blizzard=0.000
			arctic_water=0.000
			mud=1.000
			sandstorm=0.000
			min_snow_level=0.000
		}
		period={
			between={ 0.9 30.9 }
			temperature={ 0.0 7.0 }
			temperature_day_night={ -2.0 2.0 }
			no_phenomenon=0.500
			rain_light=0.250
			rain_heavy=0.100
			snow=0.000
			blizzard=0.000
			arctic_water=0.000
			mud=1.000
			sandstorm=0.000
			min_snow_level=0.000
		}
		period={
			between={ 0.10 29.10 }
			temperature={ -20.0 -10.0 }
			temperature_day_night={ -2.0 2.0 }
			no_phenomenon=0.500
			rain_light=0.000
			rain_heavy=0.000
			snow=0.550
			blizzard=0.450
			arctic_water=0.000
			mud=1.000
			sandstorm=0.000
			min_snow_level=0.000
		}
		period={
			between={ 0.11 30.11 }
			temperature={ -40.0 -10.0 }
			temperature_day_night={ -2.0 2.0 }
			no_phenomenon=0.500
			rain_light=0.000
			rain_heavy=0.000
			snow=0.550
			blizzard=0.450
			arctic_water=0.000
			mud=1.000
			sandstorm=0.000
			min_snow_level=0.000
		}
		period={
			between={ 4.11 21.11 }
			temperature={ -10.0 35.0 }
			temperature_day_night={ 2.0 -2.0 }
			no_phenomenon=1.500
			rain_light=0.250
			rain_heavy=0.100
			snow=0.000
			blizzard=0.000
			arctic_water=0.000
			mud=0.000
			sandstorm=0.000
			min_snow_level=0.000
		}
	}
}
