strategic_region={
	id=8
	name="STRATEGICREGION_8"
	provinces={
		4 5 12 22 30 37 43 44 45 53 84 115 120 128 134 146 149 165 179 180 182 183 195 208 226 231 232 234 238 240 247 249 256 257 295 301 309 316 331 336 344 350 354 355 364 368 375 392 395 409 412 413 436 441 445 484 495 507 509 534 536 544 551 557 627 640 643 651 654 675 677 679 696 707 709 721 723 735 742 744 749 752 768 773 780 796 801 811 827 841 857 877 888 900 904 908 923 930 964 973 976 990 1006 1014 1025 1026 1038 1042 1049 1066 1068 1071 1075 1076 1085 1098 1110 1145 1147 1160 1175 1184 1195 1211 1217 1229 1230 1234 1238 1239 1251 1252 1256 1276 1287 1288 1291 1295 1321 1332 1347 1363 1383 1403 1412 1426 1440 1453 1458 1466 1513 1542 1543 1562 1566 1585 1604 1607 1610 1630 1678 1718 1721 1746 1753 1773 1778 1784 1785 1786 1788 1802 1813 1814 1816 1821 1823 1825 1830 1835 1862 1881 1883 1910 1976 1979 1985 1997 2007 2008 2012 2030 2046 2049 2087 2117 2131 2169 2177 2180 2198 2220 2264 2280 2292 2301 2315 2321 2346 2355 2379 2391 2403 2406 2429 2431 2437 2445 2460 2470 2496 2531 2550 2570 2573 2588 2592 2615 2645 2667 2677 2680 2685 2690 2708 2730 2733 2735 2744 2748 2751 2789 2794 2825 2839 2845 2850 2862 2869 2879 2890 2895 2912 2915 2945 2946 2960 2968 2976 2996 3001 3006 3101 3104 3115 3130 3140 3160 3179 3190 3214 3222 3266 3287 3298 3301 3318 3323 3326 3332 3370 3373 3375 3377 3384 3388 3391 3411 3428 3434 3444 3473 3490 3492 3494 3496 3534 3584 3592 3604 3613 3620 3637 3642 3653 3757 3760 3765 3766 3767 3794 3797 3802 3825 3829 3838 3853 3863 3866 3872 3887 3888 3890 3895 3975 4105 4118 4126 4155 4162 4164 4168 4182 4194 4214 4220 4242 4252 4261 4270 4273 4275 4289 4308 4323 4325 4339 4377 4378 4384 4388 4400 4416 4418 4441 4446 4447 4461 4472 4503 4504 4516 4597 4604 4609 4622 4746 4754 4763 4764 4791 4819 4821 4841 4864 4873 4891 4901 4908 4909 4914 4931 4937 4957 4993 5026 5048 5053 5064 5090 5092 5097 5196 5211 5214 5256 5264 5268 5278 5317 5323 5330 5391 5454 5468 5518 5519 5530 5540 5579 5589 5592 5606 5609 5618 5632 5642 5703 5732 5733 5774 5799 5843 5855 5857 5905 5956 5976 5981 5982 5997 5998 6009 6010 6046 6053 6089 6105 6123 6169 6172 6201 6208 6220 6221 6234 6248 6250 6254 6276 6280 6281 6289 6308 6334 6368 6392 6406 6409 6429 6440 6446 6458 6477 6540 6545 6578 6583 6585 6608 6648 6657 6658 6673 6698 6707 6709 6711 6713 6740 6788 6805 6834 6848 6854 6865 6878 6916 6923 11230 11263 11271 11298 11369 11389 11397 11420 11466 11488 11539 11563 11577 11592 11607 11639 11679 11680 11691 11728 11729 11743 11750 11751 11765 11773 11788 11801 11810 11828 11832 11833 11838 11839 11849 11850 11861 11862 11864 11875 11876 11884 11891 11906 11907 11916 11917 11918 11925 11927 11945 11952 11953 11954 11958 11959 11975 11981 11982 11986 11987 11993 12000 12013 12017 12019 12020 12034 12039 12046 12050 12053 12061 12065 12066 12075 12076 12086 12087 12092 12093 12094 12102 12103 12108 12109 12114 12126 12132 12133 12137 12139 12140 12144 12149 12150 12155 12157 12165 12166 12167 12170 12173 12174 12181 12187 12188 12189 12193 12194 12196 12202 12203 12206 12207 12209 12210 12213 12215 12219 12220 12224 12227 12228 12234 12235 12236 12239 12244 12245 12250 12252 12257 12259 12260 12263 12264 12268 12271 12272 12276 12279 12280 12282 12283 12289 12291 12292 12294 12297 12299 12301 12302 12303 12307 12309 12312 12313 12315 12318 12319 12320 12321 12323 12324 12326 12327 12330 12333 12337 12339 12340 12341 12342 12347 12348 12349 12350 12352 12353 12356 12357 12360 12361 12363 12365 12366 12367 12368 12369 12370 12371 12372 12373 12375 12377 12378 12379 12380 12382 12383 12385 12388 12391 12392 12393 12396 12398 12399 12402 12405 12408 12409 12411 12413 12414 12415 12416 12418 12420 12421 12428 12429 12438 12441 12443 12445 12446 12450 12452 12460 12464 12476 12478 12479 12480 12481 12483 12488 12489 12490 12495 12497 12499 12501 12505 12507 12510 12513 12517 12519 20 41 88 104 106 107 121 166 205 219 228 250 260 264 274 281 288 291 334 360 371 381 485 517 543 569 599 638 661 668 704 713 736 737 810 845 856 878 892 903 912 916 993 1033 1043 1046 1115 1151 1186 1198 1215 1244 1253 1261 1323 1340 1359 1535 1605 1614 1639 1741 1863 6128 12515 1837 1846 1887 1930 1945 2083 2149 2152 2164 2188 2323 2331 2388 2398 2484 2491 2492 2549 2980 3013 3079 3081 3133 3149 3192 3204 3237 3381 3415 3455 3467 3547 3715 3752 4068 4115 4142 4196 4266 4822 4835 4963 5003 5027 5081 5112 5150 5243 5380 5505 5629 5813 5882 6012 6135 6171 6216 6267 6421 6481 6526 6735 6871 6918 6926 6927 6928 6930 6931 6932 6950 6953 6955 6964 6981 6994 7058 7117 7150 7154 12407 12449 12462 12475 12487 12493 12503 12504 12506 12508 12509 12511 12514 12516 12518 12521 12522 
	}
	weather={
		period={
			between={ 0.0 30.0 }
			temperature={ -25.0 -15.0 }
			temperature_day_night={ 10.0 -10.0 }
			no_phenomenon=0.600
			rain_light=0.000
			rain_heavy=0.000
			snow=0.250
			blizzard=0.150
			arctic_water=0.000
			mud=1.000
			sandstorm=0.000
			min_snow_level=0.000
		}
		period={
			between={ 0.1 27.1 }
			temperature={ -20.0 -11.0 }
			temperature_day_night={ 10.0 -10.0 }
			no_phenomenon=0.650
			rain_light=0.000
			rain_heavy=0.000
			snow=0.250
			blizzard=0.100
			arctic_water=0.000
			mud=1.000
			sandstorm=0.000
			min_snow_level=0.000
		}
		period={
			between={ 0.2 30.2 }
			temperature={ -12.0 -2.0 }
			temperature_day_night={ 9.0 -9.0 }
			no_phenomenon=0.650
			rain_light=0.050
			rain_heavy=0.000
			snow=0.250
			blizzard=0.050
			arctic_water=0.000
			mud=1.000
			sandstorm=0.000
			min_snow_level=0.000
		}
		period={
			between={ 0.3 29.3 }
			temperature={ 0.0 10.0 }
			temperature_day_night={ 10.0 -5.0 }
			no_phenomenon=0.600
			rain_light=0.100
			rain_heavy=0.100
			snow=0.150
			blizzard=0.050
			arctic_water=0.000
			mud=1.000
			sandstorm=0.000
			min_snow_level=0.000
		}
		period={
			between={ 0.4 30.4 }
			temperature={ 7.0 19.0 }
			temperature_day_night={ 10.0 -5.0 }
			no_phenomenon=0.550
			rain_light=0.200
			rain_heavy=0.250
			snow=0.000
			blizzard=0.000
			arctic_water=0.000
			mud=1.000
			sandstorm=0.000
			min_snow_level=0.000
		}
		period={
			between={ 0.5 29.5 }
			temperature={ 13.0 24.0 }
			temperature_day_night={ 10.0 -5.0 }
			no_phenomenon=0.550
			rain_light=0.200
			rain_heavy=0.250
			snow=0.000
			blizzard=0.000
			arctic_water=0.000
			mud=1.000
			sandstorm=0.000
			min_snow_level=0.000
		}
		period={
			between={ 0.6 30.6 }
			temperature={ 17.0 27.0 }
			temperature_day_night={ 10.0 -5.0 }
			no_phenomenon=0.550
			rain_light=0.200
			rain_heavy=0.250
			snow=0.000
			blizzard=0.000
			arctic_water=0.000
			mud=1.000
			sandstorm=0.000
			min_snow_level=0.000
		}
		period={
			between={ 0.7 30.7 }
			temperature={ 16.0 25.0 }
			temperature_day_night={ 10.0 -5.0 }
			no_phenomenon=0.550
			rain_light=0.200
			rain_heavy=0.250
			snow=0.000
			blizzard=0.000
			arctic_water=0.000
			mud=1.000
			sandstorm=0.000
			min_snow_level=0.000
		}
		period={
			between={ 0.8 29.8 }
			temperature={ 9.0 19.0 }
			temperature_day_night={ 8.0 -5.0 }
			no_phenomenon=0.550
			rain_light=0.200
			rain_heavy=0.250
			snow=0.000
			blizzard=0.000
			arctic_water=0.000
			mud=1.000
			sandstorm=0.000
			min_snow_level=0.000
		}
		period={
			between={ 0.9 30.9 }
			temperature={ 0.0 9.0 }
			temperature_day_night={ 7.0 -7.0 }
			no_phenomenon=0.600
			rain_light=0.200
			rain_heavy=0.050
			snow=0.150
			blizzard=0.000
			arctic_water=0.000
			mud=1.000
			sandstorm=0.000
			min_snow_level=0.000
		}
		period={
			between={ 0.10 29.10 }
			temperature={ -12.0 -5.0 }
			temperature_day_night={ 7.0 -7.0 }
			no_phenomenon=0.600
			rain_light=0.050
			rain_heavy=0.000
			snow=0.250
			blizzard=0.100
			arctic_water=0.000
			mud=1.000
			sandstorm=0.000
			min_snow_level=0.000
		}
		period={
			between={ 0.11 30.11 }
			temperature={ -24.0 -16.0 }
			temperature_day_night={ 7.0 -7.0 }
			no_phenomenon=0.600
			rain_light=0.000
			rain_heavy=0.000
			snow=0.300
			blizzard=0.100
			arctic_water=0.000
			mud=1.000
			sandstorm=0.000
			min_snow_level=0.000
		}
		period={
			between={ 4.11 21.11 }
			temperature={ -10.0 35.0 }
			temperature_day_night={ 2.0 -2.0 }
			no_phenomenon=1.500
			rain_light=0.250
			rain_heavy=0.100
			snow=0.000
			blizzard=0.000
			arctic_water=0.000
			mud=0.000
			sandstorm=0.000
			min_snow_level=0.000
		}
	}
}
