state={
	id=152
	name="STATE_152"
	provinces={
		15 48 69 70 114 143 319 349 357 378 388 459 542 585 600 615 616 641 642 656 697 757 763 775 788 793 851 864 865 969 970 1029 1057 1088 1099 1196 1222 1255 1277 1317 1385 1404 1456 1457 1502 1544 1568 1612 1649 1673 1698 1717 1722 1967 1970 2136 2210 2225 2330 2499 2623 3034 3086 3172 3218 3247 3459 3475 3493 3667 3721 3728 3743 3768 3845 3928 4008 4158 4221 4332 4351 4398 4403 4465 4502 4694 4739 5046 5066 5271 5459 5578 5638 5749 5842 5877 5926 6022 6845 12007 12010 12023 12028 12041 12049 12089 12100 12112 12172 12185 12198 12199 12233 12262 12270 12273 12278 12322 12343 12346 12351 12374 12395 12404 12410 12426 12430 12433 12439 12448 12477 12482 12486 12491 
	}
	manpower=1120341
	buildings_max_level_factor=1.000
	state_category = city
	resources = {
		steel = 8
		oil = 24
	}
	history={
		owner = MON
		add_core_of = MON
		buildings={
			industrial_complex = 6
			infrastructure = 3
		}
		victory_points = {
			6022 10
		}
	}
}
