state={
	id=153
	name="STATE_153"
	provinces={
		34 42 82 138 154 198 213 248 262 389 410 491 510 683 714 733 762 809 1063 1094 1122 1170 1260 1294 1320 1369 1406 1451 1529 1557 1602 1617 1650 1680 1743 1959 1978 2013 2048 2183 2285 2291 2343 2371 2525 2537 2540 2563 2673 2693 2697 3106 3161 3176 3254 3265 3267 3312 3330 3539 3617 3656 3664 3726 3755 3784 3799 3801 3820 3822 3892 3903 3935 3949 3991 4009 4057 4315 4345 4358 4452 4457 4533 4558 4789 4971 4989 5088 5208 5254 5404 5423 5572 5665 5692 5696 6063 6165 6168 6193 6262 6370 6432 6459 6471 6557 6602 6627 6867 6893 12105 12136 12154 12161 12178 12182 12186 12192 12195 12200 12201 12214 12218 12225 12226 12230 12241 12242 12243 12247 12248 12249 12254 12255 12256 12258 12265 12275 12286 12288 12295 12296 12298 12305 12306 12308 12310 12311 12314 12329 12331 12332 12336 12344 12354 12355 12358 12359 12389 12390 12401 12417 12423 12434 12444 12468 12470 12472 12473 12500 
	}
	manpower=1200131
	buildings_max_level_factor=1.000
	state_category = city
	resources = {
		steel = 8
		oil = 24
	}
	history={
		owner = MON
		add_core_of = MON
		buildings={
			industrial_complex = 6
			infrastructure = 2
		}
		victory_points = {
			2285 10
		}
	}
}
